50 89
1 50
3 48
5 50
6 50
7 48
7 49
7 50
8 48
9 49
9 50
10 50
11 50
13 50
14 48
16 49
18 49
19 50
22 50
23 48
24 49
25 48
25 50
26 49
27 49
28 48
28 50
30 48
31 48
31 50
32 50
35 48
36 48
36 49
39 48
40 50
42 48
42 49
42 50
44 48
45 49
45 50
47 48
48 2
48 3
48 6
48 7
48 17
48 19
48 21
48 24
48 28
48 34
48 36
48 40
48 43
48 44
48 47
49 1
49 12
49 13
49 14
49 16
49 18
49 19
49 20
49 22
49 26
49 27
49 28
49 33
49 36
49 40
49 42
49 45
49 46
49 47
50 1
50 5
50 7
50 8
50 14
50 16
50 19
50 20
50 21
50 23
50 24
50 32
50 41
