500 499
1 334
1 454
2 73
4 143
6 296
8 147
13 185
16 198
19 435
21 174
22 131
22 435
23 320
26 252
27 281
27 432
28 260
28 353
28 419
29 185
30 483
30 455
35 143
35 459
35 10
37 117
40 19
42 424
43 378
44 69
44 204
46 350
49 77
53 178
55 438
56 48
59 129
59 24
59 57
60 248
60 333
61 269
62 351
63 348
63 380
66 279
67 452
67 480
67 418
68 429
70 10
71 27
72 480
72 453
73 231
74 435
79 450
83 384
85 14
86 443
87 73
88 293
89 454
90 269
90 199
90 235
91 230
91 51
93 439
93 314
94 269
96 178
96 92
97 413
97 52
98 297
99 280
100 385
101 131
101 439
101 341
101 223
102 117
102 292
103 314
104 426
105 328
105 300
105 352
106 323
106 64
106 383
107 428
108 123
109 341
112 79
113 458
113 39
114 192
117 54
117 308
118 419
119 206
119 416
120 148
123 425
127 345
128 217
128 246
129 249
129 131
129 105
130 6
131 471
131 168
132 429
132 45
132 484
133 149
133 499
135 178
136 22
139 142
141 210
141 437
141 11
141 33
142 492
143 18
144 1
144 282
145 499
145 287
146 121
147 293
148 286
148 196
148 111
149 76
151 176
152 83
152 299
153 212
154 304
155 143
155 132
155 6
155 17
156 67
156 331
157 210
157 318
158 129
158 123
159 475
161 185
161 384
161 140
162 204
162 468
163 34
165 489
166 54
167 454
167 466
169 461
171 305
173 108
175 159
176 268
176 47
178 329
179 304
180 95
181 407
182 161
184 286
185 129
185 155
185 174
185 91
187 261
188 378
189 250
190 469
191 277
192 201
192 417
193 203
194 67
195 65
198 497
199 253
201 447
202 328
202 44
202 231
203 280
204 81
205 329
206 358
206 213
207 154
209 345
209 342
209 38
210 121
210 85
210 316
210 198
211 323
214 420
215 5
217 486
218 129
220 30
220 84
221 329
222 295
223 75
223 286
224 91
225 10
225 470
226 176
227 487
228 136
229 358
232 421
233 34
234 206
237 106
238 428
239 379
240 408
241 60
242 333
243 362
244 428
245 422
248 211
249 210
249 197
250 155
250 186
251 489
252 6
254 153
255 219
256 364
257 493
257 183
258 489
258 482
259 391
260 428
260 212
260 239
261 469
261 267
262 415
262 164
264 453
265 270
266 323
269 78
270 431
270 412
272 269
273 154
275 405
276 91
277 306
277 302
278 359
278 216
283 1
284 201
288 448
290 136
290 291
293 398
293 326
294 293
294 389
295 200
295 465
296 137
297 461
298 238
300 67
300 95
301 86
301 375
301 177
301 324
302 414
303 131
304 323
304 27
304 3
305 6
306 366
309 265
311 328
311 7
312 158
313 369
315 3
316 289
317 495
319 391
319 280
319 370
319 406
321 212
321 50
321 172
322 177
322 349
324 15
325 453
327 413
327 9
328 200
328 31
330 329
330 430
332 400
333 142
335 200
336 200
336 448
338 439
339 80
340 438
341 358
343 210
344 428
344 263
344 407
344 125
344 49
345 149
345 126
345 122
345 170
346 44
346 310
347 474
348 140
351 397
354 454
355 97
356 61
357 457
358 339
358 394
358 236
359 280
360 274
361 117
362 163
362 467
363 453
365 436
366 317
366 215
366 150
367 382
368 64
369 219
369 134
370 192
370 20
371 400
372 129
373 93
373 55
374 195
376 437
377 348
381 184
382 76
386 194
387 338
388 244
390 474
391 495
391 270
391 269
392 268
393 452
393 56
396 366
397 91
399 310
400 350
401 320
402 358
403 2
404 338
405 488
407 82
409 59
410 301
411 394
411 58
413 1
413 251
415 251
415 36
418 116
420 343
421 483
422 488
423 285
424 132
424 138
426 131
433 90
433 115
434 480
436 145
439 428
439 117
439 188
440 411
440 25
440 293
441 30
444 443
444 360
444 124
446 224
449 136
450 358
450 247
451 336
452 271
456 238
456 279
457 12
458 265
459 405
460 263
462 185
463 150
464 460
464 427
464 307
465 475
465 461
469 97
469 110
469 208
472 221
473 259
474 160
476 191
477 342
477 32
478 215
479 191
480 268
480 285
480 12
481 109
483 141
483 487
483 385
483 442
483 256
484 337
485 154
486 121
487 160
487 395
489 65
490 105
490 323
491 12
493 197
493 240
494 210
494 400
494 163
495 1
495 129
495 149
495 219
495 329
495 86
495 445
496 499
496 41
498 452
499 23
500 49
