100 99
1 24
3 31
4 60
6 96
8 43
10 5
12 68
13 93
14 40
14 8
19 53
21 18
22 9
23 78
23 84
23 77
23 35
25 78
25 69
26 85
27 33
29 20
30 71
31 81
32 85
33 57
33 23
34 57
37 89
38 9
38 91
39 23
40 9
42 85
42 80
43 15
43 41
44 95
45 96
45 75
46 14
46 71
47 79
48 59
49 65
50 84
51 16
52 79
52 68
52 28
54 88
55 62
56 55
57 42
57 20
57 14
58 87
61 88
61 2
65 71
66 20
66 95
66 55
66 11
67 57
67 100
70 71
72 60
73 100
74 40
76 29
79 81
79 17
79 18
81 1
81 57
81 87
81 36
81 60
81 48
85 82
85 64
86 85
86 63
87 53
89 87
90 88
91 83
92 18
93 26
93 51
94 95
95 88
96 1
96 7
97 33
98 40
98 10
99 36
