100 1642
1 50
1 54
1 62
1 65
1 66
1 67
1 68
1 69
1 73
1 74
1 77
1 80
1 86
1 87
1 94
1 100
2 51
2 60
2 61
2 65
2 67
2 69
2 71
2 74
2 76
2 78
2 82
2 85
2 87
2 90
2 97
2 100
3 48
3 56
3 61
3 65
3 66
3 67
3 71
3 75
3 76
3 80
3 87
3 88
3 100
4 50
4 55
4 59
4 65
4 66
4 70
4 72
4 73
4 74
4 75
4 81
4 82
4 83
4 84
4 92
4 98
4 99
5 51
5 55
5 56
5 58
5 60
5 61
5 68
5 75
5 77
5 80
5 81
5 83
5 85
5 86
5 87
5 100
6 50
6 54
6 60
6 61
6 69
6 71
6 76
6 78
6 79
6 80
6 83
6 84
6 85
6 86
6 88
6 91
6 93
6 94
6 98
6 100
7 49
7 50
7 55
7 56
7 63
7 67
7 69
7 71
7 79
7 80
7 82
7 83
7 86
7 88
7 89
7 91
8 50
8 52
8 55
8 56
8 57
8 59
8 66
8 70
8 75
8 77
8 79
8 81
8 83
8 85
8 86
8 88
8 89
8 90
8 92
8 93
8 96
8 97
9 50
9 52
9 56
9 61
9 71
9 73
9 78
9 80
9 83
9 89
9 93
9 98
9 99
10 48
10 50
10 54
10 56
10 58
10 59
10 60
10 61
10 62
10 64
10 69
10 70
10 73
10 79
10 81
10 82
10 85
10 86
10 87
10 89
10 93
10 95
10 99
10 100
11 50
11 54
11 59
11 62
11 69
11 70
11 71
11 74
11 94
11 98
11 100
12 50
12 54
12 55
12 59
12 62
12 67
12 68
12 69
12 72
12 77
12 82
12 84
12 85
12 91
12 92
12 95
12 97
12 100
13 55
13 59
13 60
13 61
13 63
13 78
13 79
13 80
13 81
13 82
13 83
13 87
13 94
13 96
14 49
14 53
14 55
14 57
14 58
14 62
14 67
14 73
14 79
14 87
14 91
14 92
14 93
14 95
14 96
14 97
15 49
15 50
15 55
15 56
15 57
15 67
15 69
15 71
15 72
15 74
15 76
15 79
15 84
15 85
15 88
15 97
15 99
15 100
16 48
16 53
16 56
16 57
16 59
16 65
16 72
16 77
16 81
16 82
16 86
16 88
16 89
16 97
16 98
17 51
17 55
17 60
17 64
17 77
17 79
17 80
17 81
17 85
17 88
17 98
18 52
18 54
18 55
18 56
18 58
18 63
18 64
18 72
18 73
18 74
18 75
18 76
18 78
18 79
18 80
18 81
18 93
18 94
18 96
18 97
18 99
19 48
19 50
19 52
19 57
19 58
19 61
19 63
19 69
19 76
19 78
19 79
19 80
19 82
19 92
19 95
19 96
19 97
19 98
20 58
20 59
20 68
20 71
20 72
20 76
20 78
20 80
20 84
20 85
20 88
20 100
21 52
21 53
21 57
21 59
21 60
21 61
21 68
21 71
21 75
21 77
21 84
21 87
21 88
21 89
21 90
21 97
22 48
22 49
22 50
22 52
22 61
22 62
22 66
22 67
22 69
22 72
22 73
22 79
22 80
22 82
22 83
22 85
22 86
22 93
22 96
22 97
22 99
23 48
23 57
23 58
23 60
23 61
23 62
23 63
23 65
23 66
23 67
23 71
23 72
23 73
23 74
23 76
23 79
23 84
23 85
23 87
23 88
23 94
23 95
23 96
23 100
24 51
24 52
24 56
24 59
24 60
24 61
24 65
24 68
24 74
24 77
24 79
24 80
24 83
24 85
24 91
24 96
24 97
24 98
25 48
25 52
25 55
25 59
25 64
25 65
25 73
25 74
25 76
25 80
25 89
25 91
25 92
25 97
25 100
26 49
26 51
26 61
26 65
26 66
26 67
26 73
26 74
26 75
26 78
26 80
26 81
26 85
26 86
26 88
26 93
26 99
27 48
27 50
27 53
27 54
27 60
27 61
27 63
27 64
27 66
27 68
27 69
27 79
27 82
27 87
27 91
27 97
28 48
28 50
28 51
28 52
28 53
28 55
28 56
28 57
28 61
28 64
28 66
28 67
28 74
28 75
28 77
28 81
28 86
28 87
28 88
28 91
28 92
28 95
28 97
28 98
28 99
28 100
29 48
29 50
29 51
29 58
29 64
29 67
29 75
29 76
29 79
29 88
29 92
29 96
29 97
30 48
30 49
30 50
30 56
30 60
30 62
30 66
30 68
30 69
30 74
30 80
30 81
30 86
30 99
31 53
31 55
31 56
31 58
31 60
31 62
31 67
31 73
31 74
31 77
31 80
31 81
31 87
31 99
32 48
32 53
32 56
32 62
32 67
32 71
32 73
32 76
32 78
32 80
32 83
32 84
32 85
32 87
32 89
32 91
32 93
32 94
32 100
33 48
33 53
33 58
33 63
33 64
33 66
33 69
33 72
33 75
33 78
33 84
33 85
33 86
33 87
33 88
33 90
33 94
33 95
33 100
34 49
34 51
34 53
34 59
34 60
34 67
34 69
34 71
34 72
34 76
34 77
34 79
34 80
34 81
34 85
34 89
34 91
34 92
34 99
34 100
35 49
35 52
35 53
35 55
35 58
35 71
35 76
35 79
35 81
35 83
35 86
35 88
35 91
35 92
35 94
36 50
36 51
36 53
36 54
36 56
36 58
36 61
36 63
36 64
36 65
36 68
36 69
36 71
36 73
36 74
36 75
36 77
36 78
36 79
36 85
36 86
36 89
36 91
36 94
36 95
36 99
37 50
37 54
37 56
37 57
37 60
37 62
37 65
37 77
37 78
37 79
37 88
37 91
37 92
37 93
38 49
38 55
38 57
38 58
38 62
38 68
38 69
38 72
38 75
38 78
38 79
38 85
38 86
38 89
38 94
38 95
38 99
39 48
39 49
39 52
39 53
39 56
39 59
39 61
39 67
39 72
39 75
39 87
39 89
39 90
39 94
40 48
40 51
40 52
40 57
40 58
40 61
40 62
40 63
40 65
40 69
40 70
40 72
40 74
40 79
40 80
40 83
40 84
40 89
40 91
40 92
40 94
40 100
41 51
41 60
41 62
41 64
41 71
41 75
41 77
41 80
41 81
41 85
41 86
41 88
41 96
41 100
42 49
42 50
42 57
42 61
42 67
42 73
42 75
42 78
42 79
42 82
42 84
42 86
42 87
42 88
42 89
42 97
42 100
43 48
43 50
43 54
43 56
43 58
43 59
43 61
43 62
43 63
43 65
43 66
43 68
43 69
43 71
43 74
43 76
43 79
43 81
43 82
43 83
43 86
43 87
43 89
43 94
43 95
43 100
44 50
44 51
44 55
44 56
44 57
44 59
44 62
44 67
44 68
44 69
44 72
44 75
44 82
44 85
44 87
44 91
44 93
44 94
44 97
44 99
44 100
45 52
45 53
45 55
45 63
45 66
45 69
45 74
45 77
45 79
45 81
45 91
45 93
45 95
45 96
45 99
46 48
46 50
46 53
46 54
46 55
46 59
46 71
46 73
46 75
46 84
46 87
46 93
46 96
46 97
46 99
47 49
47 54
47 58
47 61
47 63
47 64
47 70
47 74
47 81
47 87
47 89
47 90
47 91
47 93
47 95
47 96
47 98
47 100
48 3
48 5
48 7
48 8
48 11
48 12
48 16
48 17
48 22
48 25
48 27
48 28
48 29
48 30
48 32
48 33
48 37
48 41
48 43
48 47
49 1
49 2
49 14
49 16
49 21
49 28
49 34
49 35
49 38
49 39
49 40
49 41
50 1
50 2
50 4
50 6
50 7
50 9
50 10
50 15
50 22
50 23
50 24
50 30
50 31
50 36
50 40
50 42
50 43
50 44
50 46
51 1
51 2
51 4
51 5
51 7
51 8
51 17
51 27
51 28
51 29
51 32
51 34
51 36
51 37
51 41
51 44
51 47
52 9
52 12
52 18
52 20
52 21
52 23
52 28
52 31
52 36
52 39
52 40
52 42
52 44
52 45
53 2
53 4
53 6
53 8
53 11
53 13
53 20
53 22
53 28
53 34
53 35
53 37
53 41
53 46
54 1
54 2
54 6
54 10
54 11
54 12
54 16
54 21
54 24
54 29
54 31
54 32
54 36
54 37
54 47
55 2
55 4
55 5
55 7
55 8
55 11
55 12
55 13
55 17
55 18
55 22
55 24
55 25
55 28
55 30
55 31
55 33
55 34
55 35
55 36
55 37
55 38
55 44
56 5
56 8
56 10
56 14
56 16
56 18
56 20
56 28
56 37
56 38
56 39
56 41
56 43
56 46
57 2
57 4
57 6
57 8
57 9
57 27
57 35
57 36
57 38
57 39
57 40
58 5
58 6
58 14
58 20
58 23
58 24
58 29
58 34
58 36
58 38
58 40
58 45
58 47
59 2
59 3
59 4
59 10
59 11
59 12
59 16
59 20
59 21
59 23
59 24
59 25
59 28
59 31
59 32
59 35
59 38
59 43
60 3
60 4
60 7
60 10
60 15
60 16
60 23
60 24
60 27
60 30
60 33
60 36
60 37
60 40
60 42
60 45
60 47
61 9
61 10
61 11
61 17
61 21
61 22
61 24
61 29
61 30
61 31
61 34
61 35
61 39
61 45
61 47
62 1
62 11
62 15
62 16
62 19
62 23
62 33
62 37
62 38
62 39
62 41
62 42
62 43
62 44
63 1
63 2
63 7
63 9
63 16
63 18
63 19
63 23
63 25
63 27
63 28
63 34
63 39
63 41
63 45
64 2
64 3
64 4
64 5
64 10
64 11
64 14
64 15
64 18
64 20
64 23
64 25
64 27
64 28
64 29
64 30
64 32
64 33
64 38
64 41
64 43
64 44
64 47
65 11
65 12
65 15
65 16
65 19
65 21
65 24
65 25
65 26
65 27
65 32
65 34
65 36
65 37
65 40
66 1
66 2
66 3
66 4
66 13
66 14
66 19
66 21
66 22
66 24
66 27
66 28
66 30
66 33
66 35
66 39
66 45
66 47
67 8
67 12
67 13
67 14
67 22
67 25
67 26
67 28
67 31
67 34
67 35
67 37
67 38
67 42
68 1
68 3
68 5
68 11
68 12
68 15
68 21
68 22
68 24
68 27
68 28
68 29
68 30
68 32
68 33
68 34
68 38
69 4
69 6
69 10
69 11
69 12
69 15
69 16
69 19
69 22
69 30
69 31
69 33
69 36
69 38
69 40
69 42
69 45
69 47
70 4
70 8
70 15
70 17
70 40
70 46
70 47
71 1
71 2
71 3
71 7
71 9
71 11
71 13
71 16
71 17
71 19
71 21
71 23
71 25
71 26
71 34
71 39
71 40
71 43
71 44
71 46
72 4
72 8
72 9
72 11
72 13
72 18
72 19
72 20
72 23
72 26
72 28
72 29
72 36
72 37
72 38
72 40
73 4
73 7
73 10
73 17
73 19
73 24
73 26
73 31
73 32
73 35
73 39
73 41
73 46
74 2
74 4
74 5
74 9
74 10
74 12
74 13
74 15
74 18
74 20
74 21
74 22
74 23
74 24
74 25
74 33
74 35
74 39
74 40
75 3
75 4
75 17
75 18
75 20
75 21
75 24
75 25
75 28
75 29
75 30
75 36
75 37
75 38
75 43
75 44
75 46
76 2
76 4
76 6
76 7
76 8
76 10
76 13
76 15
76 18
76 19
76 21
76 23
76 27
76 28
76 32
76 34
76 35
76 43
77 2
77 8
77 12
77 14
77 17
77 18
77 20
77 23
77 24
77 27
77 28
77 30
77 34
77 37
78 3
78 7
78 9
78 13
78 17
78 18
78 20
78 25
78 31
78 32
78 33
78 34
78 36
78 37
78 38
78 46
79 4
79 10
79 13
79 14
79 17
79 20
79 23
79 29
79 32
79 38
79 40
79 42
80 3
80 6
80 7
80 9
80 10
80 15
80 17
80 18
80 20
80 21
80 25
80 29
80 32
80 34
80 40
80 42
80 46
81 3
81 10
81 16
81 17
81 18
81 19
81 28
81 30
81 34
81 35
81 38
81 41
81 43
81 44
81 45
82 1
82 6
82 7
82 8
82 10
82 11
82 13
82 16
82 22
82 24
82 27
82 32
82 34
82 42
82 43
83 4
83 6
83 7
83 8
83 9
83 13
83 15
83 23
83 26
83 27
83 30
83 34
84 4
84 5
84 6
84 9
84 12
84 15
84 20
84 21
84 23
84 29
84 37
84 38
84 39
84 43
84 44
85 1
85 4
85 7
85 9
85 10
85 20
85 22
85 23
85 25
85 26
85 30
85 32
85 33
85 34
85 36
85 38
85 41
85 44
85 45
85 47
86 6
86 7
86 13
86 17
86 23
86 28
86 30
86 38
86 41
86 42
86 43
86 46
87 7
87 9
87 11
87 13
87 14
87 18
87 20
87 22
87 24
87 25
87 27
87 28
87 31
87 32
87 34
87 36
87 39
87 41
87 42
87 43
87 45
87 47
88 1
88 3
88 6
88 7
88 8
88 11
88 13
88 16
88 21
88 24
88 26
88 28
88 32
88 33
88 41
88 42
89 1
89 6
89 7
89 13
89 15
89 27
89 32
89 34
89 37
89 38
89 39
89 40
89 42
89 46
89 47
90 2
90 5
90 6
90 8
90 12
90 21
90 22
90 26
90 27
90 31
90 33
90 34
90 39
90 45
91 6
91 7
91 9
91 24
91 28
91 29
91 33
91 34
91 37
91 40
91 41
91 45
92 2
92 4
92 5
92 7
92 10
92 14
92 15
92 17
92 24
92 27
92 28
92 29
92 31
92 33
92 34
92 37
92 40
92 44
93 6
93 8
93 9
93 14
93 16
93 22
93 25
93 26
93 33
93 37
93 38
93 40
93 43
93 45
93 46
94 1
94 2
94 4
94 9
94 13
94 14
94 15
94 18
94 20
94 25
94 26
94 27
94 40
94 42
94 44
95 1
95 3
95 7
95 10
95 11
95 12
95 13
95 23
95 31
95 38
95 41
95 42
95 47
96 1
96 9
96 19
96 20
96 22
96 23
96 26
96 29
96 31
96 33
96 35
96 36
96 38
96 39
96 41
96 43
96 45
96 46
96 47
97 3
97 4
97 6
97 7
97 18
97 19
97 21
97 22
97 28
97 33
97 35
97 36
97 37
97 39
97 44
98 5
98 6
98 12
98 17
98 18
98 24
98 28
98 32
98 34
98 41
98 42
99 4
99 10
99 11
99 13
99 18
99 20
99 21
99 22
99 28
99 30
99 34
99 43
99 45
99 46
100 1
100 2
100 5
100 7
100 10
100 12
100 13
100 15
100 19
100 32
100 33
100 34
100 36
100 42
100 44
100 46
